question,intent
តើប្រាប់ពីតម្លៃក្នុងការផ្ញើយានជំនិះសាលាស៉ីអេឌីធី,AskAboutParkingPrice
តើប្រាប់ពីតម្លៃក្នុងការផ្ញើយានជំនិះសាលាCADT,AskAboutParkingPrice
តើប្រាប់ពីតម្លៃក្នុងការផ្ញើឡានសាលាស៉ីអេឌីធី,AskAboutParkingPrice
តើប្រាប់ពីតម្លៃក្នុងការផ្ញើឡានសាលាCADT,AskAboutParkingPrice
តើប្រាប់ពីតម្លៃក្នុងការផ្ញើម៉ូតូសាលាស៉ីអេឌីធី,AskAboutParkingPrice
តើប្រាប់ពីតម្លៃក្នុងការផ្ញើម៉ូតូសាលាCADT,AskAboutParkingPrice
តើប្រាប់ពីតម្លៃនៃចំណតយានជំនិះសាលាស៉ីអេឌីធី,AskAboutParkingPrice
តើប្រាប់ពីតម្លៃនៃចំណតយានជំនិះសាលាCADT,AskAboutParkingPrice
តើប្រាប់ពីតម្លៃនៃចំណតឡានសាលាស៉ីអេឌីធី,AskAboutParkingPrice
តើប្រាប់ពីតម្លៃនៃចំណតឡានសាលាCADT,AskAboutParkingPrice
តើប្រាប់ពីតម្លៃនៃចំណតម៉ូតូសាលាស៉ីអេឌីធី,AskAboutParkingPrice
តើប្រាប់ពីតម្លៃនៃចំណតម៉ូតូសាលាCADT,AskAboutParkingPrice
តើប្រាប់ពីតម្លៃក្នុងការចតយានជំនិះសាលាស៉ីអេឌីធី,AskAboutParkingPrice
តើប្រាប់ពីតម្លៃក្នុងការចតយានជំនិះសាលាCADT,AskAboutParkingPrice
តើប្រាប់ពីតម្លៃក្នុងការចតឡានសាលាស៉ីអេឌីធី,AskAboutParkingPrice
តើប្រាប់ពីតម្លៃក្នុងការចតឡានសាលាCADT,AskAboutParkingPrice
តើប្រាប់ពីតម្លៃក្នុងការចតម៉ូតូសាលាស៉ីអេឌីធី,AskAboutParkingPrice
តើប្រាប់ពីតម្លៃក្នុងការចតម៉ូតូសាលាCADT,AskAboutParkingPrice
តើសូមប្រាប់ពីតម្លៃក្នុងការផ្ញើយានជំនិះសាលាស៉ីអេឌីធី,AskAboutParkingPrice
តើសូមប្រាប់ពីតម្លៃក្នុងការផ្ញើយានជំនិះសាលាCADT,AskAboutParkingPrice
តើសូមប្រាប់ពីតម្លៃក្នុងការផ្ញើឡានសាលាស៉ីអេឌីធី,AskAboutParkingPrice
តើសូមប្រាប់ពីតម្លៃក្នុងការផ្ញើឡានសាលាCADT,AskAboutParkingPrice
តើសូមប្រាប់ពីតម្លៃក្នុងការផ្ញើម៉ូតូសាលាស៉ីអេឌីធី,AskAboutParkingPrice
តើសូមប្រាប់ពីតម្លៃក្នុងការផ្ញើម៉ូតូសាលាCADT,AskAboutParkingPrice
តើសូមប្រាប់ពីតម្លៃនៃចំណតយានជំនិះសាលាស៉ីអេឌីធី,AskAboutParkingPrice
តើសូមប្រាប់ពីតម្លៃនៃចំណតយានជំនិះសាលាCADT,AskAboutParkingPrice
តើសូមប្រាប់ពីតម្លៃនៃចំណតឡានសាលាស៉ីអេឌីធី,AskAboutParkingPrice
តើសូមប្រាប់ពីតម្លៃនៃចំណតឡានសាលាCADT,AskAboutParkingPrice
តើសូមប្រាប់ពីតម្លៃនៃចំណតម៉ូតូសាលាស៉ីអេឌីធី,AskAboutParkingPrice
តើសូមប្រាប់ពីតម្លៃនៃចំណតម៉ូតូសាលាCADT,AskAboutParkingPrice
តើសូមប្រាប់ពីតម្លៃក្នុងការចតយានជំនិះសាលាស៉ីអេឌីធី,AskAboutParkingPrice
តើសូមប្រាប់ពីតម្លៃក្នុងការចតយានជំនិះសាលាCADT,AskAboutParkingPrice
តើសូមប្រាប់ពីតម្លៃក្នុងការចតឡានសាលាស៉ីអេឌីធី,AskAboutParkingPrice
តើសូមប្រាប់ពីតម្លៃក្នុងការចតឡានសាលាCADT,AskAboutParkingPrice
តើសូមប្រាប់ពីតម្លៃក្នុងការចតម៉ូតូសាលាស៉ីអេឌីធី,AskAboutParkingPrice
តើសូមប្រាប់ពីតម្លៃក្នុងការចតម៉ូតូសាលាCADT,AskAboutParkingPrice
តើយានជំនិះផ្ញើក្នុងតម្លៃប៉ុន្មានសាលាស៉ីអេឌីធី,AskAboutParkingPrice
តើយានជំនិះផ្ញើក្នុងតម្លៃប៉ុន្មានសាលាCADT,AskAboutParkingPrice
តើឡានផ្ញើក្នុងតម្លៃប៉ុន្មានសាលាស៉ីអេឌីធី,AskAboutParkingPrice
តើឡានផ្ញើក្នុងតម្លៃប៉ុន្មានសាលាCADT,AskAboutParkingPrice
តើម៉ូតូផ្ញើក្នុងតម្លៃប៉ុន្មានសាលាស៉ីអេឌីធី,AskAboutParkingPrice
តើម៉ូតូផ្ញើក្នុងតម្លៃប៉ុន្មានសាលាCADT,AskAboutParkingPrice
តើប្រាប់បានអត់ថាសាលាស៉ីអេឌីធីថ្លៃប៉ុន្មានក្នុងការផ្ញើយានជំនិះ,AskAboutParkingPrice
តើប្រាប់បានអត់ថាសាលាស៉ីអេឌីធីថ្លៃប៉ុន្មានក្នុងការផ្ញើម៉ូតូ,AskAboutParkingPrice
តើប្រាប់បានអត់ថាសាលាស៉ីអេឌីធីថ្លៃប៉ុន្មានក្នុងការផ្ញើឡាន,AskAboutParkingPrice
តើប្រាប់បានអត់ថាសាលាស៉ីអេឌីធីមានតម្លៃប៉ុន្មានក្នុងការផ្ញើយានជំនិះ,AskAboutParkingPrice
តើប្រាប់បានអត់ថាសាលាស៉ីអេឌីធីមានតម្លៃប៉ុន្មានក្នុងការផ្ញើម៉ូតូ,AskAboutParkingPrice
តើប្រាប់បានអត់ថាសាលាស៉ីអេឌីធីមានតម្លៃប៉ុន្មានក្នុងការផ្ញើឡាន,AskAboutParkingPrice
តើប្រាប់បានអត់ថាសាលាCADTថ្លៃប៉ុន្មានក្នុងការផ្ញើយានជំនិះ,AskAboutParkingPrice
តើប្រាប់បានអត់ថាសាលាCADTថ្លៃប៉ុន្មានក្នុងការផ្ញើម៉ូតូ,AskAboutParkingPrice
តើប្រាប់បានអត់ថាសាលាCADTថ្លៃប៉ុន្មានក្នុងការផ្ញើឡាន,AskAboutParkingPrice
តើប្រាប់បានអត់ថាសាលាCADTមានតម្លៃប៉ុន្មានក្នុងការផ្ញើយានជំនិះ,AskAboutParkingPrice
តើប្រាប់បានអត់ថាសាលាCADTមានតម្លៃប៉ុន្មានក្នុងការផ្ញើម៉ូតូ,AskAboutParkingPrice
តើប្រាប់បានអត់ថាសាលាCADTមានតម្លៃប៉ុន្មានក្នុងការផ្ញើឡាន,AskAboutParkingPrice
តើខ្ញុំចង់ដឹងថាសាលាស៉ីអេឌីធីថ្លៃប៉ុន្មានក្នុងការផ្ញើយានជំនិះ,AskAboutParkingPrice
តើខ្ញុំចង់ដឹងថាសាលាស៉ីអេឌីធីថ្លៃប៉ុន្មានក្នុងការផ្ញើម៉ូតូ,AskAboutParkingPrice
តើខ្ញុំចង់ដឹងថាសាលាស៉ីអេឌីធីថ្លៃប៉ុន្មានក្នុងការផ្ញើឡាន,AskAboutParkingPrice
តើខ្ញុំចង់ដឹងថាសាលាស៉ីអេឌីធីមានតម្លៃប៉ុន្មានក្នុងការផ្ញើយានជំនិះ,AskAboutParkingPrice
តើខ្ញុំចង់ដឹងថាសាលាស៉ីអេឌីធីមានតម្លៃប៉ុន្មានក្នុងការផ្ញើម៉ូតូ,AskAboutParkingPrice
តើខ្ញុំចង់ដឹងថាសាលាស៉ីអេឌីធីមានតម្លៃប៉ុន្មានក្នុងការផ្ញើឡាន,AskAboutParkingPrice
តើខ្ញុំចង់ដឹងថាសាលាCADTថ្លៃប៉ុន្មានក្នុងការផ្ញើយានជំនិះ,AskAboutParkingPrice
តើខ្ញុំចង់ដឹងថាសាលាCADTថ្លៃប៉ុន្មានក្នុងការផ្ញើម៉ូតូ,AskAboutParkingPrice
តើខ្ញុំចង់ដឹងថាសាលាCADTថ្លៃប៉ុន្មានក្នុងការផ្ញើឡាន,AskAboutParkingPrice
តើខ្ញុំចង់ដឹងថាសាលាCADTមានតម្លៃប៉ុន្មានក្នុងការផ្ញើយានជំនិះ,AskAboutParkingPrice
តើខ្ញុំចង់ដឹងថាសាលាCADTមានតម្លៃប៉ុន្មានក្នុងការផ្ញើម៉ូតូ,AskAboutParkingPrice
តើខ្ញុំចង់ដឹងថាសាលាCADTមានតម្លៃប៉ុន្មានក្នុងការផ្ញើឡាន,AskAboutParkingPrice
តើប្រាប់បានអត់ថាសាលាស៉ីអេឌីធីថ្លៃប៉ុន្មានក្នុងការផ្ញើយានជំនិះ,AskAboutParkingPrice
តើប្រាប់បានអត់ថាសាលាស៉ីអេឌីធីថ្លៃប៉ុន្មានក្នុងការផ្ញើម៉ូតូ,AskAboutParkingPrice
តើប្រាប់បានអត់ថាសាលាស៉ីអេឌីធីថ្លៃប៉ុន្មានក្នុងការផ្ញើឡាន,AskAboutParkingPrice
តើប្រាប់បានអត់ថាសាលាស៉ីអេឌីធីមានតម្លៃប៉ុន្មានក្នុងការផ្ញើយានជំនិះ,AskAboutParkingPrice
តើប្រាប់បានអត់ថាសាលាស៉ីអេឌីធីមានតម្លៃប៉ុន្មានក្នុងការផ្ញើម៉ូតូ,AskAboutParkingPrice
តើប្រាប់បានអត់ថាសាលាស៉ីអេឌីធីមានតម្លៃប៉ុន្មានក្នុងការផ្ញើឡាន,AskAboutParkingPrice
តើប្រាប់បានអត់ថាសាលាCADTថ្លៃប៉ុន្មានក្នុងការផ្ញើយានជំនិះ,AskAboutParkingPrice
តើប្រាប់បានអត់ថាសាលាCADTថ្លៃប៉ុន្មានក្នុងការផ្ញើម៉ូតូ,AskAboutParkingPrice
តើប្រាប់បានអត់ថាសាលាCADTថ្លៃប៉ុន្មានក្នុងការផ្ញើឡាន,AskAboutParkingPrice
តើប្រាប់បានអត់ថាសាលាCADTមានតម្លៃប៉ុន្មានក្នុងការផ្ញើយានជំនិះ,AskAboutParkingPrice
តើប្រាប់បានអត់ថាសាលាCADTមានតម្លៃប៉ុន្មានក្នុងការផ្ញើម៉ូតូ,AskAboutParkingPrice
តើប្រាប់បានអត់ថាសាលាCADTមានតម្លៃប៉ុន្មានក្នុងការផ្ញើឡាន,AskAboutParkingPrice
តើខ្ញុំចង់ដឹងថាសាលាស៉ីអេឌីធីថ្លៃប៉ុន្មានក្នុងការផ្ញើយានជំនិះ,AskAboutParkingPrice
តើខ្ញុំចង់ដឹងថាសាលាស៉ីអេឌីធីថ្លៃប៉ុន្មានក្នុងការផ្ញើម៉ូតូ,AskAboutParkingPrice
តើខ្ញុំចង់ដឹងថាសាលាស៉ីអេឌីធីថ្លៃប៉ុន្មានក្នុងការផ្ញើឡាន,AskAboutParkingPrice
តើខ្ញុំចង់ដឹងថាសាលាស៉ីអេឌីធីមានតម្លៃប៉ុន្មានក្នុងការផ្ញើយានជំនិះ,AskAboutParkingPrice
តើខ្ញុំចង់ដឹងថាសាលាស៉ីអេឌីធីមានតម្លៃប៉ុន្មានក្នុងការផ្ញើម៉ូតូ,AskAboutParkingPrice
តើខ្ញុំចង់ដឹងថាសាលាស៉ីអេឌីធីមានតម្លៃប៉ុន្មានក្នុងការផ្ញើឡាន,AskAboutParkingPrice
តើខ្ញុំចង់ដឹងថាសាលាCADTថ្លៃប៉ុន្មានក្នុងការផ្ញើយានជំនិះ,AskAboutParkingPrice
តើខ្ញុំចង់ដឹងថាសាលាCADTថ្លៃប៉ុន្មានក្នុងការផ្ញើម៉ូតូ,AskAboutParkingPrice
តើខ្ញុំចង់ដឹងថាសាលាCADTថ្លៃប៉ុន្មានក្នុងការផ្ញើឡាន,AskAboutParkingPrice
តើខ្ញុំចង់ដឹងថាសាលាCADTមានតម្លៃប៉ុន្មានក្នុងការផ្ញើយានជំនិះ,AskAboutParkingPrice
តើខ្ញុំចង់ដឹងថាសាលាCADTមានតម្លៃប៉ុន្មានក្នុងការផ្ញើម៉ូតូ,AskAboutParkingPrice
តើខ្ញុំចង់ដឹងថាសាលាCADTមានតម្លៃប៉ុន្មានក្នុងការផ្ញើឡាន,AskAboutParkingPrice
តើយានជំនិះផ្ញើគិតថ្លៃប៉ុន្មាន,AskAboutParkingPrice
តើយានជំនិះផ្ញើក្នុងតម្លៃប៉ុន្មាន,AskAboutParkingPrice
តើម៉ូតូផ្ញើគិតថ្លៃប៉ុន្មាន,AskAboutParkingPrice
តើម៉ូតូផ្ញើក្នុងតម្លៃប៉ុន្មាន,AskAboutParkingPrice
តើឡានផ្ញើគិតថ្លៃប៉ុន្មាន,AskAboutParkingPrice
តើឡានផ្ញើក្នុងតម្លៃប៉ុន្មាន,AskAboutParkingPrice
